5
5
5
5
18
18
24
4
4
18
18
5
18
18
18
18
18
14
14
3
5
22
21
10
21
24
24
1
1
20
20
24
24
10
10
10
10
24
24
1
1
14
14
10
10
10
10
14
10
10
10
10
10
16
0
0
18
15
15
11
15
15
15
11
15
15
15
16
13
5
0
2
10
10
10
7
10
7
7
7
7
4
16
22
22
13
13
22
22
22
22
13
13
22
13
13
13
13
13
20
19
19
20
19
19
20
20
20
20
23
17
11
9
15
15
5
5
5
5
5
5
8
8
8
8
8
8
8
8
7
8
15
9
15
9
15
16
15
15
0
8
8
7
7
24
3
3
0
19
20
16
16
16
16
16
16
16
16
15
15
14
14
3
14
14
14
14
14
3
14
21
21
21
21
21
21
22
22
12
12
12
16
16
16
12
12
18
18
15
15
15
17
18
17
21
21
17
21
24
13
13
13
13
13
13
13
13
13
13
10
24
5
5
24
4
4
4
4
4
4
5
5
1
1
1
1
1
1
1
1
1
1
1
1
23
24
5
3
24
23
24
24
23
24
5
23
13
17
10
10
12
12
10
12
12
12
12
12
14
19
19
16
15
9
9
10
3
10
10
9
9
18
13
7
7
7
7
11
11
7
7
7
7
20
22
12
12
12
12
12
12
12
12
12
12
10
1
1
6
22
22
1
22
22
22
22
22
18
19
18
18
19
18
19
19
19
19
16
16
23
19
8
8
0
0
0
0
0
0
8
8
8
8
8
8
8
6
21
14
15
4
19
13
18
11
17
11
18
2
15
16
16
9
16
9
9
9
16
11
9
3
3
18
3
3
3
17
3
3
3
3
10
21
21
21
21
17
21
17
17
17
17
21
21
15
15
15
15
15
1
1
21
21
21
6
6
0
0
0
2
4
4
17
17
17
17
17
13
17
6
23
23
13
7
17
17
13
13
20
20
20
20
20
20
20
20
20
20
0
0
2
2
2
2
2
2
2
2
20
4
5
5
4
4
4
4
4
4
4
9
11
9
9
9
11
11
9
19
9
7
7
11
7
8
6
8
8
6
6
9
9
11
9
9
9
6
6
6
11
6
6
6
6
11
11
6
14
0
14
10
14
14
12
12
12
12
23
23
14
14
14
14
14
14
23
23
24
24
24
24
24
24
18
24
18
18
4
4
22
0
23
23
23
22
23
23
23
23
13
13
0
0
0
18
0
0
0
0
20
20
0
0
19
13
20
20
22
8
4
9
9
7
7
7
7
7
8
8
8
8
7
0
21
11
5
5
16
16
17
15
15
15
15
15
15
15
15
16
15
15
17
4
4
2
2
11
4
4
0
11
11
11
17
10
11
10
11
5
5
21
22
22
22
3
17
17
17
17
14
4
14
14
14
14
22
22
19
19
19
19
19
24
24
24
19
19
3
10
4
11
6
3
6
3
2
1
9
11
1
2
2
2
2
2
1
2
2
2
5
3
3
3
3
3
3
3
3
3
3
1
1
1
1
23
0
22
11
8
8
2
15
15
12
12
16
16
12
12
12
12
6
6
6
6
6
6
2
2
2
23
6
6
6
2
11
11
11
11
1
6
2
2
2
23
1
16
13
20
16
16
21
16
16
16
16
16
18
18
18
18
16
17
21
21
21
23
21
21
21
21
24
17
23
23
17
3
20
20
13
23
23
23
24
24
5
19
19
19
19
19
5
20
20
5
