9
10
9
10
53
53
44
11
11
52
52
15
52
52
52
51
51
62
62
40
10
71
66
0
66
43
43
8
8
50
50
43
43
3
3
0
0
45
45
7
7
62
62
1
1
1
1
0
0
1
0
0
0
58
15
15
52
19
19
23
19
24
24
30
24
24
24
58
60
15
13
4
2
2
2
34
2
2
2
35
35
13
67
65
65
60
60
65
70
65
65
60
60
70
60
60
61
60
60
50
46
46
50
47
47
50
50
50
50
42
58
30
22
24
24
9
9
10
9
9
9
33
33
33
33
32
33
36
32
35
36
20
22
20
22
20
67
20
20
16
33
33
35
34
45
37
40
14
54
49
25
25
25
25
24
26
26
26
25
24
63
63
37
64
64
64
64
64
39
63
66
66
65
66
74
74
71
71
59
59
59
59
59
59
59
59
53
51
20
20
20
20
51
68
73
74
68
74
44
61
61
61
61
61
61
61
61
61
60
1
43
15
15
43
13
13
13
13
11
11
16
16
8
8
7
7
8
7
8
8
8
6
7
8
42
43
9
40
44
72
45
44
72
44
10
72
39
69
1
1
57
57
1
57
56
56
57
56
63
54
54
25
24
22
22
3
37
3
2
22
22
52
39
34
34
34
34
30
30
34
34
34
34
49
71
57
57
56
57
56
56
59
56
57
57
1
6
6
18
70
70
6
70
70
70
70
70
53
55
51
51
54
51
55
54
55
54
58
25
42
55
32
32
16
16
16
16
16
17
33
33
32
33
32
32
32
28
74
62
19
13
54
60
53
30
68
23
51
5
24
26
25
23
26
23
23
23
26
23
23
38
38
53
38
38
38
68
37
38
38
38
1
66
66
66
66
67
66
67
67
69
69
74
74
21
21
20
20
20
7
7
73
74
74
28
28
14
14
13
4
14
11
69
69
68
68
69
61
69
18
72
72
61
35
68
69
39
39
48
48
48
48
49
49
48
49
49
49
4
4
4
4
4
4
4
5
5
5
49
11
10
10
11
11
11
11
11
11
11
29
30
29
29
29
30
31
29
55
29
34
35
30
34
36
28
36
36
18
18
18
18
30
22
22
22
27
27
27
31
28
28
28
28
31
31
27
62
16
62
0
62
62
56
56
56
59
72
73
63
64
64
64
64
64
72
72
45
45
45
45
44
44
41
44
41
41
16
16
65
17
41
41
40
71
72
72
41
41
39
39
17
17
17
52
4
17
17
17
50
50
17
17
55
60
49
49
70
33
14
29
29
35
35
35
35
35
36
36
36
36
36
15
73
30
10
15
58
58
68
21
21
21
21
21
21
21
21
58
19
21
58
14
14
12
12
3
14
14
14
3
3
3
68
3
3
2
3
15
15
65
71
71
71
37
68
69
69
69
62
14
63
63
63
63
65
71
47
47
47
46
55
43
43
45
47
47
38
1
13
3
18
37
18
40
12
6
23
30
12
7
4
4
12
12
12
5
12
12
10
37
37
40
39
40
40
37
37
39
39
6
6
6
6
41
13
71
31
32
32
5
25
21
57
57
26
26
56
56
56
56
19
18
19
19
28
19
5
5
5
42
27
27
27
5
31
31
31
31
7
27
5
5
5
42
8
58
58
48
67
67
65
58
59
59
58
67
53
51
53
53
58
68
73
73
73
72
73
73
74
73
43
58
72
42
69
38
48
48
39
42
42
42
43
43
10
46
46
46
46
46
9
48
48
9
